user_id
75
78
127
170
175
190
267
325
383
476
477
493
498
533
545
548
580
622
636
637
728
732
783
788
894
922
937
1017
1035
1047
1117
1118
1122
1160
1164
1174
1198
1224
1225
1267
1278
1282
1355
1392
1436
1496
1504
1510
1547
1600
1632
1652
1663
1713
1724
1728
1751
1860
1910
1915
1988
2039
2053
2102
2108
2136
2200
2204
2218
2276
2315
2429
2435
2455
2471
2477
2513
2517
2556
2558
2589
2612
2643
2658
2692
2706
2732
2771
2801
2842
2852
2853
2891
2901
2904
2930
3017
3057
3104
3106
3174
3190
3271
3301
3304
3313
3369
3392
3429
3493
3512
3527
3541
3595
3600
3710
3849
3853
3860
3868
3976
4002
4022
4078
4087
4146
4188
4198
4254
4335
4341
4352
4375
4517
4544
4549
4650
4697
4728
4800
4827
4856
4869
4895
4912
4944
5002
5031
5085
5182
5227
5238
5240
5285
5321
5459
5461
5475
5494
5552
5593
5706
5757
5829
5831
5917
5925
5954
5978
6018
6082
6119
6150
6227
6264
6302
6323
6352
6362
6375
6385
6393
6400
6443
6449
6471
6477
6528
6532
6550
6571
6616
6625
6757
6758
6785
6862
6946
6971
7088
7181
7195
7248
7252
7287
7315
7317
7354
7461
7587
7612
7635
7685
7704
7711
7727
7740
7743
7815
7849
7919
8041
8048
8094
8114
8127
8148
8168
8194
8209
8216
8282
8423
8434
8517
8584
8604
8610
8619
8621
8624
8642
8651
8683
8699
8701
8726
8740
8787
8824
8858
8881
8892
8893
8905
8930
8970
8996
9029
9034
9060
9085
9117
9127
9134
9139
9177
9245
9277
9370
9411
9415
9470
9475
9522
9593
9595
9807
9889
10025
10058
10064
10084
10094
10125
10132
10154
10181
10191
10200
10231
10272
10335
10420
10476
10479
10516
10521
10563
10639
10652
10674
10739
10783
10791
10844
10905
10931
10936
10986
11032
11090
11114
11162
11188
11220
11228
11239
11240
11244
11255
11277
11338
11411
11420
11424
11451
11457
11510
11515
11554
11563
11569
11577
11613
11638
11728
11744
11758
11802
11809
11810
11824
11825
11898
11912
11930
11937
12025
12028
12040
12046
12051
12056
12064
12126
12221
12259
12265
12272
12283
12296
12309
12313
12356
12428
12451
12458
12459
12554
12563
12621
12622
12681
12759
12760
12818
12866
12888
12917
12921
12949
12986
13014
13029
13043
13048
13054
13056
13086
13159
13216
13222
13230
13233
13257
13266
13283
13318
13376
13397
13454
13472
13561
13595
13614
13656
13694
13701
13716
13748
13781
13815
13877
13890
13897
13914
13916
13937
13938
13970
14029
14070
14095
14099
14171
14222
14246
14292
14323
14361
14421
14454
14465
14479
14498
14531
14570
14578
14598
14614
14648
14653
14679
14706
14709
14895
14910
14918
14946
14979
15061
15157
15168
15178
15264
15311
15344
15399
15436
15437
15440
15558
15714
15715
15716
15722
15780
15783
15811
15816
15846
15853
15879
15896
15926
15974
16003
16004
16031
16039
16047
16103
16123
16133
16149
16168
16174
16206
16289
16295
16302
16321
16389
16419
16485
16574
16587
16591
16592
16610
16664
16677
16850
16862
16949
16983
16987
17205
17260
17307
17312
17334
17363
17461
17463
17559
17597
17613
17623
17632
17647
17653
17688
17738
17755
17813
17835
17854
17909
17924
17930
17946
17999
18015
18059
18075
18082
18114
18161
18205
18206
18256
18293
18295
18304
18367
18379
18434
18461
18506
18510
18600
18660
18666
18673
18678
18687
18718
18724
18742
18797
18802
18849
18853
18896
18946
18979
18983
19018
19054
19066
19131
19164
19193
19306
19402
19475
19493
19519
19520
19532
19546
19562
19575
19587
19619
19668
19714
19741
19742
19783
19806
19820
19832
19838
19854
19864
19885
19899
19909
19923
19928
19933
19963
19982
19986
20025
20028
20081
20121
20144
20189
20226
20262
20263
20298
20348
20385
20391
20409
20435
20438
20492
20531
20554
20591
20606
20699
20709
20734
20758
20812
20832
20897
20938
20974
21052
21055
21101
21171
21184
21188
21237
21244
21272
21277
21374
21439
21488
21513
21522
21523
21558
21624
21655
21668
21672
21691
21693
21699
21708
21712
21767
21835
21838
21872
21947
22035
22061
22066
22125
22198
22206
22278
22371
22386
22453
22461
22479
22609
22616
22701
22712
22723
22798
22815
22869
22872
22931
22936
22957
22961
23032
23087
23129
23172
23228
23260
23318
23360
23386
23388
23422
23423
23437
23473
23561
23581
23634
23647
23712
23717
23733
23753
23850
23858
23862
23865
23910
23947
23953
23988
24014
24026
24039
24072
24104
24132
24171
24221
24230
24231
24234
24240
24263
24386
24423
24476
24495
24515
24517
24560
24573
24592
24653
24668
24695
24708
24793
24885
24929
24954
25007
25038
25055
25097
25122
25197
25244
25248
25286
25359
25388
25408
25411
25412
25570
25649
25679
25686
25712
25723
25730
25752
25801
25831
25867
25887
25889
25907
25913
25915
25976
26007
26048
26116
26136
26138
26152
26154
26242
26243
26316
26356
26487
26528
26582
26589
26617
26624
26674
26692
26704
26733
26734
26738
26740
26765
26819
26873
26920
26964
26987
27072
27089
27112
27115
27152
27164
27238
27297
27302
27306
27313
27350
27363
27464
27620
27626
27648
27662
27685
27713
27743
27773
27778
27935
27947
27951
28001
28039
28048
28082
28101
28105
28122
28129
28180
28199
28292
28299
28317
28342
28350
28384
28452
28492
28496
28508
28521
28581
28642
28645
28653
28665
28798
28830
28842
28855
28875
28962
29061
29202
29225
29343
29369
29401
29421
29435
29442
29501
29508
29538
29592
29616
29658
29680
29727
29801
29892
29942
29947
29948
29985
30049
30139
30167
30174
30210
30225
30274
30275
30286
30465
30490
30491
30500
30547
30613
30627
30687
30836
30840
30846
30849
30864
30879
30886
30897
30938
30950
30972
30977
30980
31040
31088
31098
31104
31156
31170
31175
31179
31193
31209
31221
31296
31309
31317
31375
31468
31523
31682
31784
31786
31789
31813
31820
31854
31879
31911
31937
31949
32011
32021
32031
32035
32195
32283
32293
32294
32299
32308
32357
32369
32406
32411
32412
32445
32508
32512
32521
32536
32538
32634
32656
32663
32736
32747
32791
32831
32861
32919
32931
32997
33008
33052
33126
33139
33141
33171
33202
33222
33238
33240
33251
33285
33349
33384
33477
33481
33522
33528
33577
33579
33764
33770
33780
33784
33797
33843
33866
33880
33943
33994
34101
34145
34157
34196
34197
34225
34226
34295
34329
34334
34368
34374
34384
34405
34420
34579
34671
34680
34687
34704
34713
34740
34755
34765
34783
34796
34857
34881
34906
34958
35002
35051
35057
35069
35105
35141
35160
35211
35223
35272
35335
35345
35373
35408
35455
35461
35488
35530
35553
35568
35601
35622
35660
35665
35703
35779
35785
35814
35886
35899
36004
36049
36060
36063
36082
36151
36154
36243
36280
36286
36292
36294
36306
36347
36450
36495
36527
36538
36548
36553
36558
36559
36600
36619
36632
36655
36659
36663
36688
36719
36743
36784
36802
36803
36907
36931
36937
36969
37001
37025
37037
37098
37195
37216
37217
37225
37321
37419
37528
37568
37580
37713
37782
37786
37820
37857
37882
37899
37934
37957
37987
38047
38093
38111
38119
38256
38281
38340
38348
38373
38390
38396
38435
38437
38527
38646
38662
38664
38690
38722
38726
38740
38745
38765
38801
38854
38875
38882
38889
38914
38927
38934
39033
39047
39065
39082
39156
39177
39262
39272
39282
39320
39362
39390
39393
39463
39480
39513
39524
39594
39599
39607
39608
39617
39677
39689
39746
39799
39803
39861
39897
39904
39935
39981
39985
40003
40033
40101
40136
40236
40260
40282
40284
40328
40375
40421
40456
40457
40465
40512
40648
40664
40703
40719
40737
40743
40810
40826
40827
40837
40855
40863
40872
40895
40930
41000
41027
41066
41103
41130
41154
41178
41201
41234
41258
41335
41391
41394
41443
41464
41468
41573
41622
41688
41726
41727
41740
41822
41838
41859
41946
42054
42059
42104
42122
42154
42164
42201
42237
42337
42356
42411
42437
42445
42490
42551
42552
42582
42664
42688
42773
42789
42888
42908
42966
43004
43017
43102
43108
43113
43189
43205
43213
43281
43350
43353
43397
43449
43501
43527
43591
43603
43640
43699
43700
43706
43718
43726
43779
43797
43867
43883
43948
43994
44038
44041
44068
44117
44129
44157
44264
44285
44287
44294
44297
44361
44404
44446
44485
44495
44567
44706
44730
44744
44847
45049
45050
45070
45120
45129
45187
45220
45236
45257
45277
45286
45290
45314
45356
45478
45583
45586
45642
45656
45881
45938
45987
46033
46085
46116
46126
46257
46272
46369
46407
46441
46449
46494
46523
46536
46586
46603
46624
46640
46641
46655
46656
46672
46695
46754
46762
46786
46804
46824
46840
46890
46964
46979
46985
47002
47040
47065
47104
47165
47179
47249
47267
47302
47384
47398
47438
47448
47526
47592
47613
47677
47711
47717
47719
47768
47780
47800
47911
47933
47999
48006
48011
48038
48052
48076
48117
48128
48167
48280
48290
48316
48326
48337
48357
48370
48395
48454
48506
48534
48641
48674
48717
48726
48743
48776
48802
48803
48856
48911
48919
48920
48933
49032
49065
49143
49148
49236
49265
49270
49308
49334
49361
49365
49370
49383
49527
49582
49606
49626
49696
49838
49879
49913
49935
49996
50041
50156
50160
50265
50295
50324
50377
50383
50464
50510
50533
50543
50604
50606
50607
50670
50695
50733
50783
50818
50846
50847
50888
50893
50949
50970
50992
51021
51025
51033
51045
51086
51167
51168
51191
51198
51213
51218
51230
51232
51284
51301
51333
51336
51361
51373
51378
51441
51448
51466
51494
51499
51527
51603
51615
51673
51687
51692
51699
51707
51761
51832
51901
51954
51972
52000
52004
52021
52076
52129
52136
52147
52180
52235
52298
52305
52328
52364
52365
52379
52427
52459
52481
52510
52572
52576
52580
52591
52592
52610
52648
52678
52707
52722
52751
52806
52827
52834
52870
52882
52906
52961
52983
53022
53042
53045
53059
53192
53241
53315
53379
53382
53429
53558
53565
53610
53667
53849
53859
53996
54017
54060
54066
54087
54113
54129
54142
54152
54193
54217
54250
54262
54274
54316
54371
54376
54503
54528
54650
54716
54730
54767
54786
54817
54876
54980
55113
55124
55193
55197
55211
55236
55277
55280
55290
55315
55327
55403
55414
55468
55491
55560
55590
55620
55645
55699
55737
55762
55790
55840
55841
55865
55899
55909
55935
55936
55992
56016
56030
56044
56091
56124
56147
56200
56281
56345
56354
56472
56535
56561
56596
56620
56669
56686
56758
56811
56896
56915
56950
56959
57010
57018
57022
57035
57050
57082
57097
57120
57127
57138
57249
57274
57380
57420
57464
57475
57512
57606
57620
57637
57696
57782
57835
57912
57928
57973
57977
58001
58019
58087
58089
58160
58174
58203
58417
58470
58554
58561
58567
58577
58600
58601
58604
58613
58657
58686
58693
58709
58747
58763
58842
58846
58895
59012
59050
59078
59082
59086
59092
59148
59165
59182
59219
59299
59311
59327
59349
59355
59358
59389
59390
59401
59433
59444
59462
59468
59474
59496
59499
59527
59529
59557
59577
59677
59686
59708
59750
59771
59889
59894
59995
59999
60002
60051
60072
60158
60166
60170
60182
60190
60195
60229
60259
60296
60303
60307
60316
60319
60323
60325
60331
60334
60374
60450
60510
60515
60556
60564
60661
60670
60692
60693
60713
60716
60798
60863
60890
60891
60901
60958
60963
60971
61020
61137
61235
61240
61352
61379
61381
61400
61436
61502
61544
61592
61674
61700
61805
61836
61869
61875
61878
61879
61910
61915
61968
61985
62012
62014
62042
62055
62091
62133
62141
62151
62252
62280
62319
62323
62332
62348
62354
62394
62474
62547
62565
62572
62637
62686
62691
62787
62795
62815
62819
62847
62857
62880
62974
63024
63060
63086
63198
63213
63347
63348
63375
63395
63405
63438
63458
63491
63542
63556
63578
63594
63631
63698
63717
63725
63729
63872
63873
63973
63991
64012
64063
64070
64264
64294
64344
64363
64364
64370
64411
64423
64472
64500
64515
64540
64560
64581
64587
64621
64642
64712
64821
64854
64886
64949
64969
65081
65135
65174
65279
65293
65298
65301
65308
65403
65436
65500
65523
65595
65647
65713
65805
65851
65867
65869
65881
65905
65914
65932
66022
66063
66134
66149
66152
66164
66190
66207
66227
66328
66390
66406
66416
66457
66527
66532
66533
66541
66544
66553
66650
66745
66770
66778
66784
66831
66892
66893
66902
66929
66968
66978
67010
67033
67042
67068
67171
67189
67199
67267
67303
67306
67325
67363
67401
67410
67488
67500
67538
67542
67594
67635
67666
67687
67756
67795
67840
67841
67901
67907
67920
67924
68044
68046
68087
68093
68117
68151
68163
68180
68228
68304
68393
68396
68424
68441
68516
68523
68623
68637
68660
68722
68773
68810
68829
68864
68883
68899
68912
68934
68943
68947
68986
68988
68989
69002
69022
69043
69066
69068
69135
69153
69195
69213
69232
69245
69291
69341
69374
69378
69388
69393
69469
69504
69576
69590
69625
69668
69716
69719
69767
69805
69820
69866
69875
69891
70037
70062
70078
70100
70102
70116
70120
70142
70188
70287
70299
70313
70331
70342
70362
70369
70374
70421
70485
70520
70525
70542
70560
70617
70623
70642
70698
70742
70743
70753
70760
70782
70789
70793
70806
70816
70878
70974
70981
71037
71052
71055
71107
71116
71149
71278
71287
71291
71307
71323
71331
71420
71478
71483
71487
71497
71509
71525
71529
71534
